20 1482 54 136 35640 4644 56165 44 1289 16617 12522 205 4207 430 461
17 1418 28 108 32841 2379 55810 13 715 16845 10315 76 4282 229 362
19 1575 44 127 33978 3874 64868 44 1286 17898 12328 131 4788 354 440
35 2547 229 366 41301 19629 100519 581 3939 20819 35065 1735 12013 2344 1885
101 2585 3335 1715 42031 112222 52626 60201 9047 10744 97352 57326 15416 34910 14213
89 2767 2297 1619 42201 93101 57459 30959 10091 10229 96833 38347 16690 30268 13990
138 2475 6857 2596 27194 176467 34384 193428 14992 5979 104854 139482 13885 73304 22322
89 3103 2588 1328 41048 115870 75636 40168 14512 12288 86244 40311 20963 24030 9055
112 2816 4224 1992 30306 145814 55408 88016 12282 7781 107092 77473 17553 45646 16785
144 2302 7322 2974 17554 171229 31405 205669 11167 4096 111161 167149 12231 88419 26107
75 2827 1735 1040 46998 83289 75661 21927 9129 14693 72529 22233 17561 16408 6957
84 2836 2104 1382 44831 90111 63624 28102 10182 12657 89675 31722 17619 24778 10682
65 2664 1425 655 65702 68968 60429 16834 14943 18079 43332 15519 14155 8235 3092
46 2615 545 490 51166 34977 84728 3112 6913 18711 40936 5157 13968 4330 2581
42 2298 511 350 49497 35156 75091 3017 5143 19977 29198 4348 9789 2693 1422
97 3003 3527 1129 49489 141741 67693 74506 21095 15579 68811 45160 17773 21227 6547
98 3178 3450 1303 40378 144802 74607 70161 21661 13102 79518 47256 20312 26205 8474
83 2691 2475 928 57238 104965 59457 41238 15146 17281 59331 30318 13037 16125 4200
131 3034 6454 2061 23785 202307 56613 181019 24830 7004 98991 118716 21731 52077 14333
107 2831 4524 1147 57803 161409 55620 111021 19162 15255 67143 60728 16605 20501 6235
202 2143 16925 3376 12964 256178 17328 837926 30046 2460 81349 379241 16562 112740 23493
72 2784 1363 1193 44321 65810 70951 13414 6810 12857 83886 18709 17174 17750 9767
116 2841 4577 2093 24343 155736 58924 97277 9401 7108 116999 91891 17589 46165 18127
167 2004 10411 3450 11632 189312 21559 364060 8968 2592 105084 256790 10166 112055 29450
64 3142 1305 711 52880 76028 86497 14171 16291 18762 54458 14444 17439 9509 3540
43 2799 450 453 46559 33837 96252 2192 6806 20846 42257 4055 13926 3764 2330
136 2712 6802 2378 24060 185518 43266 191814 17155 5762 109116 136228 18588 63570 18428
166 2514 10877 2818 25330 230986 26769 412803 28804 3953 90820 230761 17698 83897 21199
12 1146 21 45 26486 2197 47632 5 726 15117 3763 62 2597 71 82
53 2848 747 631 47841 46623 89889 5726 8935 18823 52933 6773 15335 7373 3554
75 2435 2109 666 69055 85790 46671 33774 15585 18003 41842 21331 10694 9973 2447
89 2791 2741 1175 60396 112388 51518 45235 18142 16673 66712 40402 15112 21958 5969
40 2598 379 401 51594 27006 85614 1663 6928 19242 33594 3250 13433 2913 2054
88 2572 3015 813 66570 115344 48565 59861 17652 17861 48452 33073 12332 13561 3241
81 3149 1899 1341 40550 94772 74696 22080 12915 12631 91044 30021 20137 23739 9480
143 2416 7211 2942 13968 174869 34995 197671 11330 2938 116873 169762 14335 84214 25544
155 2330 8993 2942 19749 194771 29610 293479 14012 3948 108403 204954 13811 85584 24668
100 2666 3933 1017 65952 142469 50861 88756 17051 17153 57183 51540 15090 16086 5318
149 2343 8058 2968 14097 184262 35429 238936 9487 3695 112622 189867 15453 87984 23487
97 2963 3291 1365 36718 135950 76769 62848 8915 11625 93308 50847 18680 22407 11338
117 2803 5177 1609 39196 171821 59597 132206 10539 10119 96667 84050 17791 30637 13237
84 2984 2588 898 60035 113155 64820 45156 20236 17160 58691 31158 17677 14432 4538
19 1396 88 83 38436 6446 47294 192 2085 16226 8028 298 3242 324 155
80 2813 2320 840 63040 99243 59832 38118 20128 18046 51608 26522 15560 13562 3958
33 1928 294 234 45461 20230 63318 1259 2966 19538 21316 1925 7109 1487 785
117 2758 4427 2359 23944 145393 46500 89164 12778 5591 116037 91429 16471 58755 20782
43 2786 345 558 45650 26516 97486 996 5827 18837 47666 3417 15588 4323 3605
68 3029 1219 1059 39237 69621 89481 10796 7768 14072 80102 17104 18842 13858 8358
1 100 0 0 2585 0 3235 0 0 1715 0 0 0 0 0
38 2440 309 394 48387 22321 84537 1077 5199 20009 34637 2537 11462 2819 2003
84 3051 2052 1434 37077 94983 75307 25084 11799 11611 95530 33791 19561 25430 10979
43 2416 427 476 46805 27893 83251 1991 4230 19025 41251 3763 11934 4008 2579
48 2631 693 435 55439 45641 76920 5341 9399 21032 36462 5649 11378 4557 1749
64 2772 1210 806 45141 65641 85840 11965 5640 16750 64607 15027 16554 9071 5601
128 2637 5526 2602 17003 162187 45229 126265 9740 4162 120646 124869 16293 67743 22499
114 3164 4545 1896 22523 172280 69253 100607 19389 7200 102006 81170 22234 44879 13808
76 2807 1874 976 41770 88764 85860 25901 5314 14514 76423 24655 17355 11663 8081
50 2408 687 538 40852 43874 89467 4646 3160 19987 42952 7046 12423 4946 2962
66 2775 1306 839 48110 69425 82661 13230 8552 16727 61452 16860 16197 10174 5496
27 1915 109 242 42497 8204 70267 147 1503 19402 21228 705 8676 874 1199
82 3086 1889 1432 36379 91817 78794 20140 12054 11086 94523 33577 19759 23546 11297
101 2839 3251 1799 34387 122559 59550 55623 10440 9056 105061 59366 17700 36248 15413
37 2234 360 306 43100 25005 82507 1754 3701 21039 28259 2677 9879 1984 1355
61 2748 1059 771 49583 58324 79921 9005 8386 18273 57592 12898 16096 9670 4417
51 2800 724 551 46289 48891 93359 5025 7813 19716 45965 7754 14759 4893 3153
120 2708 5017 2123 31733 156195 49179 115410 12415 7790 106989 97929 17119 49918 17583
31 2493 130 335 42587 11374 95487 200 2818 20081 31250 866 13265 1438 1991
58 3097 919 734 44338 60665 101381 6882 9675 17009 59736 11713 18389 7392 4869
35 1991 338 257 54394 23483 53070 1418 5189 18910 20327 2607 6753 1686 834
51 2987 640 635 44620 44995 99187 3499 7942 18705 53739 7248 17366 6367 3711
88 2981 2619 1209 38034 118342 83859 42719 8072 13214 87211 39792 18825 17493 9732
61 3290 957 873 39934 65029 102314 6634 11107 15762 68923 12694 20617 11173 5489
80 2951 1812 1348 42062 84861 73175 19362 10852 13015 89366 30405 18599 22440 9953
62 3056 923 968 39795 57913 93892 6304 6293 14404 77621 12756 19148 10956 7804
51 2618 654 621 46968 42398 84948 3623 5217 18818 49196 7677 14436 5823 3702
51 2778 670 605 44978 43931 93899 4473 6014 17830 52265 6888 15338 5635 3829
21 1926 41 169 34889 4444 84746 14 1292 20418 16668 185 7412 367 764
42 1117 688 173 30140 27000 37665 6955 494 13925 11765 2484 3022 1687 354
71 2672 1888 597 45312 98187 92153 28539 6148 18315 46241 19409 15158 5837 3370
113 3082 4997 1331 57447 176869 52143 127584 30104 14400 68025 72443 20041 27029 7080
86 2842 2249 1406 53059 94582 52726 31105 12911 11979 85440 35630 17863 24341 11264
5 517 2 8 12814 200 21492 0 59 7976 776 1 487 4 5
101 3156 3679 1371 37096 150311 74586 75891 20126 12740 83773 54278 20632 27992 8489
44 2272 552 394 53630 33275 66111 3587 4898 20256 32827 4610 10899 3203 1844
42 2873 379 482 47893 28240 99759 1361 8126 19295 40551 3576 16375 3925 2618
20 1840 70 120 33441 6698 82787 130 2042 20843 12624 234 5777 402 374
36 2456 235 395 41991 17705 97249 701 2505 20022 37569 1768 12838 2351 2320
63 2989 1049 904 42301 62245 92254 8126 8783 16710 69585 13836 17961 11939 5810
43 2337 438 465 39059 32000 92371 1883 2969 21151 38656 4253 10780 3803 2402
29 1595 164 242 36569 12415 58680 408 1015 17879 18769 958 5723 1288 1000
50 2175 849 376 45511 49674 75104 7515 5283 21156 29483 7467 8426 3273 1345
56 3032 767 773 43380 50682 97617 4961 7972 16800 63596 8920 18269 8695 5144
23 1561 73 180 31467 6646 66433 65 886 18270 16096 345 4914 648 713
34 1786 310 251 45645 17773 56660 1507 2763 18742 21245 1907 7197 1585 985
111 2813 4422 1683 41845 149549 53138 97008 16282 12022 89935 76582 18691 37810 10415
48 2329 677 451 55974 40221 62372 4488 7892 19242 34368 6481 9545 4716 1611
42 2456 388 473 44299 26127 88581 1670 3987 19609 41311 3393 12642 3724 2693
33 2146 162 366 44481 12126 72628 291 1666 18415 31166 1131 11024 1887 2147
61 2865 1297 533 52831 73923 84186 14937 15818 21086 40113 12444 13114 6824 1785
52 2607 819 507 48054 51843 85878 6499 6840 20651 42208 8235 12613 4983 2383
15 426 84 21 16867 3570 10655 240 230 5975 1152 168 391 36 11
41 1925 572 248 34334 37996 84026 4649 1339 20346 20684 3215 7821 1931 865
40 2562 457 323 48198 34069 90337 2575 7361 20841 30215 3553 10456 2535 1217
51 2520 796 479 55915 45284 70044 6799 9676 19717 37908 6604 11728 5399 2023
53 2740 814 564 51935 46757 81761 6743 10985 19854 46051 7129 13851 7027 2527
63 2563 1272 681 50572 63139 73650 14117 9779 19131 51457 12557 12376 10127 2910
85 2940 2299 1271 41313 103229 74984 32031 11119 14414 84625 35921 18434 22882 7936
35 2240 341 254 45607 23039 79939 1683 7021 19987 22943 2088 8068 2028 746
12 1134 23 43 24995 2249 50764 11 648 13538 4789 59 2070 79 71
19 1673 56 115 35208 5461 69639 46 1642 18339 11405 212 4982 390 321
45 2566 476 514 44345 32711 89931 2198 4858 20176 44909 4602 12784 4670 2720
7 810 12 9 14303 1469 43993 7 521 11536 1091 16 629 7 5
17 1210 71 65 32805 5066 43552 138 1864 12844 6136 206 2215 239 97
8 831 14 14 17016 1512 41226 10 526 10689 1647 17 803 20 9
23 1515 125 128 32888 11257 64700 291 2069 17594 11187 604 3374 544 332
6 635 12 3 14371 1308 31706 10 624 7551 283 8 168 2 0
44 2382 485 461 47231 31534 78002 2464 6045 19179 38786 4092 10008 4794 1894
43 1859 544 359 51704 27816 51742 3489 4552 16355 27388 4243 6885 3351 1258
39 1976 391 350 44092 24459 66839 1762 3811 19018 28435 3157 7286 2867 1353
64 3034 1229 787 46271 71856 89589 11645 12666 18252 59612 15391 17171 10481 4147
27 1827 139 212 42842 10738 62032 282 2906 16995 18982 741 5985 1147 755
60 2364 1053 717 58242 51193 57165 9143 7893 17372 50135 12119 11181 9407 3551
45 2163 557 433 53899 30995 61903 3356 6838 17749 33115 4796 8693 4291 1747
12 931 35 31 25110 3087 33475 31 918 11946 2854 96 1232 65 28
8 761 11 17 18991 971 31252 4 633 10104 1390 16 850 22 14
23 991 153 100 38411 10368 24892 480 1818 11026 4856 695 1471 383 213
40 2302 431 349 54262 27364 70976 2256 5669 18972 28328 3614 11374 2382 1628
1 39 0 0 2302 0 392 0 0 349 0 0 0 0 0
2 240 1 0 4381 178 17116 0 31 3725 0 0 0 0 0
24 1633 88 188 41117 6449 54634 140 1773 17182 15974 359 5795 798 727
38 2207 334 369 50791 20901 72144 1668 5283 19290 31170 1993 9511 3034 1741
53 2993 731 647 43245 47896 100862 5516 7648 18289 58254 7007 17095 6719 4184
49 2822 691 485 50023 46993 91636 4605 10267 20763 40981 6757 13474 5148 1914
37 2274 414 252 51527 29886 75268 2353 6784 21279 22738 2740 7836 1951 726
47 2912 500 581 45971 38063 94388 2081 7557 19282 50463 5288 15156 5681 3165
10 798 18 27 23048 1758 27426 13 448 10176 2652 29 938 47 31
41 2259 453 367 54601 28351 66022 2694 7691 19568 28953 3030 8837 3525 1411
29 2059 146 260 45958 10342 73019 312 2532 18838 22700 923 9773 1160 1259
73 2351 1937 691 73272 79677 39664 27875 15018 17781 37849 22116 10855 9670 2535
53 3059 621 757 42383 43510 101222 3253 7001 16392 63700 7194 18928 7524 5455
31 2347 141 324 42743 11824 92338 199 2846 20625 30758 903 11068 1686 1707
46 2181 618 417 49169 36904 73580 4344 5127 20432 33129 5033 8929 4094 1709
72 2617 1805 751 66186 79622 54127 24747 15290 17709 48339 20573 13633 10963 3357
72 2850 1951 605 65519 91503 63691 30431 21084 19971 40851 18322 13914 8633 2254
6 375 5 10 14983 318 8943 0 109 5655 621 5 359 10 5
15 1257 28 77 29339 2442 48944 15 526 16608 7214 88 3445 143 209
56 3052 828 712 42289 52951 99267 6423 9731 17816 59687 8438 17880 8567 4292
35 2348 317 278 45956 24208 86539 1287 5590 21563 25192 2346 9626 1908 1004
38 2217 408 295 53667 27432 66392 2159 6217 19796 25573 2912 8295 2387 978
9 836 13 23 20596 1167 36893 7 288 10897 2733 21 1106 28 28
6 753 2 13 12717 265 42555 0 77 11961 1520 0 913 8 12
36 2228 339 291 47510 25048 76568 1384 4405 20083 26280 2676 8921 2022 1058
30 1994 284 151 51956 19573 62847 1440 6279 20108 13217 1363 6239 906 351
21 1454 74 136 36193 5008 52961 113 1478 15631 12626 263 4245 541 413
70 2651 1687 728 61879 78701 60965 21932 14530 18154 48462 19179 13348 10562 3067
61 2996 1055 775 46992 60871 90114 9882 11497 17005 60065 11367 17915 9865 4876
26 1838 188 137 44634 14040 65873 652 4331 18844 13196 898 5026 760 290
12 957 35 31 24801 2935 41226 56 1076 12049 3178 50 1131 82 32
27 2127 137 214 42047 11361 82726 327 3634 20697 20625 709 8024 1026 863
53 2956 750 628 47599 49724 94805 4850 9207 19315 53394 8334 16090 7032 3210
20 1527 69 121 37019 5145 59158 93 1932 16489 11860 257 4072 449 341
14 1438 17 74 27561 1910 66832 5 726 17445 7948 28 3692 133 198
39 2848 259 482 42267 23091 105508 553 4773 19834 45137 2430 15225 3064 3092
67 2950 1440 771 48067 76095 84937 17378 14104 17771 57293 15214 16552 11038 4275
6 669 0 15 14390 0 29041 0 0 10797 1153 0 1096 0 20
36 2523 186 444 45780 13626 92459 366 3566 17878 38869 1389 14339 2448 2937
25 2201 82 218 37780 7654 93175 85 2153 21097 22546 443 9159 745 1027
35 2118 329 266 39743 23734 83592 1417 3683 21265 24274 2411 8319 1784 933
40 2553 366 414 43398 26703 96048 1597 4071 20494 37790 3014 13466 3089 2180
47 2975 517 564 44246 38917 104595 2589 7718 19312 49797 5400 16350 4698 3528
33 1538 333 195 35513 20511 59118 1760 1600 17607 17567 1895 3969 1253 548
25 1613 140 160 33482 10877 67865 345 1408 18392 16115 708 4452 769 478
52 2595 828 498 51358 51815 79687 6647 9214 20354 39288 8180 11407 5099 2174
38 2490 359 344 46384 27545 87868 1486 6133 21320 31033 2904 10643 2658 1388
40 2418 380 400 48926 28422 78192 1503 6969 19841 33068 3199 9437 3533 1645
29 1878 250 156 34155 19139 82082 1154 2782 20755 16381 1210 5750 868 422
10 818 14 31 23900 999 27769 10 686 10488 2713 14 1139 54 42
28 1951 228 150 48951 17824 64147 870 5248 19428 13353 1238 5502 842 326
32 1851 255 241 40910 16180 65401 1043 3000 19040 22397 1465 6402 1591 861
34 2065 207 354 48191 13403 64697 587 2771 18398 29216 1306 9992 2251 1840
6 610 2 13 15238 123 23333 0 112 9425 881 1 911 6 13
15 1434 18 87 29481 1761 62773 4 421 18159 8905 50 4284 122 279
38 2468 428 275 48617 30996 87422 2454 7533 20503 25390 3087 9932 1872 1023
38 2069 339 364 48431 22442 65523 1308 4481 19385 28911 2612 8119 3056 1460
18 1593 38 115 27710 3567 76280 33 670 19624 11802 119 5186 271 393
18 1272 65 88 30861 5393 48907 72 1506 14943 8121 260 2549 304 180
17 1338 49 87 28693 4347 55046 47 938 16769 8265 169 3460 256 208
30 1844 196 239 49167 14440 52919 476 3533 18445 18904 1332 6533 1396 856
8 632 3 25 17846 286 21566 0 82 9060 2262 1 856 16 39
30 1628 214 221 45308 14217 45203 634 2581 17090 17017 1398 5408 1294 734
38 2695 307 396 44442 24600 100846 1120 5474 19932 35757 2637 14205 2418 2261
25 2283 68 232 35178 6245 100367 80 1502 21722 24551 330 10496 664 1226
28 2010 199 179 42197 15081 76327 737 4829 19703 16583 906 6474 1151 482
18 1372 51 102 34794 4497 50376 37 882 15294 9833 200 3615 305 274
32 1768 274 222 46843 16924 53640 1091 3986 15809 18538 1714 5687 1519 636
43 2364 465 438 49473 31316 74275 2198 5452 19188 37504 4235 9782 4001 1907
18 1273 59 94 33200 4455 46568 89 1139 14401 9014 184 2947 309 234
16 1516 52 68 28530 5542 70194 69 1415 18197 7392 156 3488 209 126
22 1738 61 170 38790 4797 65312 56 1790 16524 16219 198 5951 656 630
21 1467 113 97 36016 8919 54252 255 2061 16867 9459 477 3420 428 170
8 859 7 21 18119 691 42389 0 386 11113 2400 9 1075 24 23
13 1005 38 40 26213 3020 38245 53 1150 11338 3862 74 1439 111 48
23 1722 129 124 40878 10626 59634 242 3218 18356 11010 713 4906 557 259
10 890 17 28 20608 1521 39514 8 453 10930 3179 29 1202 54 29
32 1909 250 246 45982 17480 62968 856 3782 17629 21907 1611 6114 1710 783
12 1010 23 43 26080 1929 34926 20 747 12144 3939 40 1874 90 70
27 1847 143 208 41889 11590 65133 300 2209 17859 19114 807 6450 1061 757
33 1956 271 257 51326 17301 59066 1058 4925 18389 20875 1690 7283 1847 861
53 2439 853 525 52293 48339 71163 6906 7043 18500 42325 8513 11039 5759 2248
6 462 6 9 15516 613 13136 1 150 5220 785 6 306 9 4
11 962 29 26 24170 2833 39989 33 1118 11375 2557 57 997 48 27
9 855 11 25 19493 1113 38660 2 348 11470 2679 17 1176 37 28
6 367 9 6 11580 791 11321 3 115 4371 576 10 119 7 0
13 1216 38 40 26818 3701 52569 42 1414 14537 4209 90 1927 112 42
14 1376 22 69 29288 2339 58946 18 777 16174 7569 40 3213 130 176
8 508 5 23 15794 340 17429 0 72 7101 1918 5 577 20 31
17 1368 35 101 33329 2725 48329 17 731 15833 9343 127 4179 220 316
1 115 0 0 2841 0 4462 0 0 2093 0 0 0 0 0
1 115 0 0 2841 0 4462 0 0 2093 0 0 0 0 0
1 115 0 0 2841 0 4462 0 0 2093 0 0 0 0 0
9 697 13 23 21379 1189 23931 4 302 9584 2063 25 860 29 26
28 1341 236 142 30249 15267 56011 979 859 15776 13026 1277 3098 645 375
5 407 5 5 10668 427 21935 1 163 5479 697 4 89 4 1
1 63 0 0 2772 0 1147 0 0 806 0 0 0 0 0
3 266 1 2 6847 149 11698 0 28 4442 167 0 80 1 0
1 63 0 0 2772 0 1147 0 0 806 0 0 0 0 0
5 487 3 7 13008 208 19424 0 146 7230 720 3 364 3 4
5 385 3 7 12149 260 14358 0 117 5444 646 3 200 3 4
10 756 10 35 22502 652 25112 2 166 9872 3234 18 1293 38 62
5 552 1 9 11305 149 28321 0 26 8691 935 0 536 3 7
8 725 3 25 18981 340 26685 0 65 10616 2189 3 1208 12 41
10 901 8 37 22905 684 34305 0 201 12219 3621 11 1701 42 67
7 646 11 10 16408 1218 25258 3 332 8332 1012 18 491 10 4
11 1207 22 33 23372 2156 59876 17 1180 15912 3920 39 1817 69 40
11 1082 10 45 22947 1010 47078 2 251 14945 4618 15 2345 54 94
4 362 0 6 9394 0 14557 0 0 5933 582 0 252 0 4
7 765 0 21 16934 0 35063 0 0 10991 2098 0 1246 0 35
11 604 30 25 19714 2178 18888 44 218 7031 2126 40 650 58 23
6 618 1 14 15283 86 25996 0 28 8783 1432 0 758 4 16
19 1670 67 104 35112 5824 69903 88 2170 19186 10248 260 4824 355 266
15 1074 26 79 29330 1913 38917 15 380 14481 7193 60 2585 173 207
16 1356 14 106 31305 1297 53619 3 173 16483 9701 46 4498 95 416
17 1494 38 98 33038 3087 65706 23 1181 17498 9935 123 4260 255 279
43 2569 385 518 46603 25611 87065 1402 5743 19385 44633 3314 13084 4951 2674
39 2305 341 400 45516 22927 80521 1336 5133 19897 35129 2369 9634 3871 1563
5 400 2 8 10723 122 16192 0 15 6957 808 1 320 4 5
16 1192 54 66 33261 4113 42687 75 924 15108 6019 181 2950 169 135
20 1630 79 111 37794 6020 62199 134 2369 18514 10748 301 4732 418 287
21 1838 74 136 35308 5983 80099 122 2332 20310 14139 268 5987 504 436
7 658 1 20 15595 100 27422 0 12 10328 1956 0 934 5 30
2 267 0 1 5002 0 12419 0 0 5326 51 0 108 0 0
3 307 0 3 7377 0 12664 0 0 5677 242 0 186 0 1
7 541 5 16 15857 439 19400 0 54 7901 1471 5 614 15 15
11 956 22 33 23529 1530 43212 20 686 11706 3372 32 1643 74 39
13 1143 36 42 26861 3025 50036 52 1847 13711 4459 30 1269 180 24
6 817 1 14 14083 51 45313 0 84 12800 1490 0 1188 4 16
2 76 0 1 3103 0 1728 0 0 974 72 0 2 0 0
1 75 0 0 2807 0 1799 0 0 976 0 0 0 0 0
2 169 0 1 5719 0 4945 0 0 2221 51 0 59 0 0
3 82 0 3 3509 0 1678 0 0 978 146 0 9 0 1
2 75 0 1 2971 0 1727 0 0 974 73 0 1 0 0
3 172 0 3 6083 0 4794 0 0 2215 208 0 68 0 1
3 237 1 2 5190 164 12311 0 0 3683 202 0 54 1 0
4 368 2 4 7701 296 18783 0 0 5754 400 1 204 2 1
2 179 0 1 5517 0 6098 0 0 2063 121 0 29 0 0
4 244 2 4 5715 324 12263 0 6 3687 272 1 62 2 1
13 903 41 37 24230 3545 35572 58 477 11427 3809 92 1264 93 43
8 521 9 19 16689 717 16543 5 99 6320 1666 8 533 23 20
3 177 0 3 6463 0 4819 0 0 2225 210 0 72 0 1
2 169 0 1 5719 0 4945 0 0 2221 51 0 59 0 0
4 299 1 5 6932 99 12973 0 75 4200 506 0 71 2 2
8 423 5 23 14193 239 13632 0 71 4890 1610 6 485 18 32
12 590 14 52 23308 867 15406 3 264 6380 3023 22 1036 87 108
12 1027 48 18 24436 4401 45690 96 1643 12244 1998 72 806 48 4
12 1039 42 24 23270 4099 47814 75 1417 12823 2658 69 919 57 19
23 1132 101 152 31947 6196 42319 187 646 13636 11748 470 2834 620 494
11 977 31 24 22987 2948 43294 37 1146 12281 2482 58 1024 52 18
9 911 8 28 18978 1030 42889 1 276 13066 2896 9 1405 35 39
12 1104 31 35 21881 3309 53439 26 991 13986 3995 75 1429 82 37
6 326 4 11 12934 274 7252 1 73 3035 714 2 248 9 8
12 697 11 55 21874 879 24622 3 246 8121 3958 8 1169 85 124
4 297 4 2 10329 373 8210 1 106 3418 168 2 69 1 0
12 829 24 42 21938 2635 34829 18 555 9425 3292 59 1041 68 75
9 886 23 13 19156 2428 44449 29 1054 11798 1230 25 661 24 6
14 742 32 59 23596 2264 24239 24 348 9211 4146 97 1270 118 125
10 759 13 32 18912 1209 34833 4 339 9288 3122 23 911 46 47
11 1228 20 35 22591 2132 61261 23 1189 16296 3952 10 1909 91 41
4 220 4 2 9599 272 3680 1 93 2359 126 2 38 1 0
5 570 3 7 10955 385 32037 0 84 8696 841 2 443 5 3
1 154 0 0 2330 0 8839 0 0 2942 0 0 0 0 0
5 250 4 6 4934 348 12181 1 75 3951 498 2 2 5 2
6 345 7 8 7473 640 15138 2 74 5500 689 6 124 10 2
27 1576 191 160 40086 12821 57313 697 3751 16861 13551 809 3551 1066 353
4 343 1 5 9383 99 13615 0 75 4680 472 0 154 2 2
8 733 14 14 15804 1479 37693 8 519 10302 1626 17 494 26 5
4 252 1 5 4934 99 12182 0 75 3951 501 0 3 2 2
1 45 0 0 2181 0 573 0 0 417 0 0 0 0 0
2 7 0 1 594 0 3 0 0 6 1 0 3 0 0
13 1154 36 42 24741 3516 52735 38 1171 14368 4604 91 1693 100 57
21 1430 119 91 38883 8382 47331 285 2730 16224 8270 495 3244 416 134
8 535 12 16 14181 718 23463 6 278 6709 1629 14 421 26 10
12 1243 30 36 22843 3165 62085 35 1076 16402 4090 63 2133 69 53
6 413 4 11 12605 194 12358 1 101 5762 1015 0 327 13 6
6 385 8 7 14661 464 10517 5 192 5048 581 4 248 9 2
6 246 9 6 11066 360 3965 4 114 2501 410 10 116 4 2
9 687 10 26 17576 734 28944 2 219 8715 2718 11 803 42 29
10 718 21 24 19191 1771 25802 15 317 10086 2281 41 888 41 23
9 611 11 25 19791 790 17923 5 306 7689 2136 14 675 34 31
10 817 8 37 20134 560 33575 2 189 10565 4019 10 1198 38 70
13 1141 35 43 28311 2391 46998 45 1146 14265 4139 78 2435 94 69
17 1296 49 87 30622 3527 52014 62 1054 15354 8361 162 3370 225 231
19 1285 113 58 37123 8043 46067 342 2760 13851 5935 332 1816 231 64
4 96 1 5 3429 85 2410 0 0 1215 187 0 8 2 2
4 96 1 5 3429 85 2410 0 0 1215 187 0 8 2 2
15 531 75 30 11023 4370 29188 180 155 7523 2098 185 328 65 25
3 14 0 3 701 0 41 0 0 25 22 0 3 0 1
3 113 1 2 4258 86 2651 0 1 1305 92 0 23 1 0
4 34 2 4 1588 9 162 0 1 142 77 1 7 2 1
11 188 36 19 8293 958 3233 52 30 1853 670 69 96 30 14
4 103 0 6 3546 0 2351 0 0 1211 277 0 16 0 4
5 123 1 9 4742 24 2446 0 0 1293 394 0 37 3 7
1 10 0 0 188 0 26 0 0 19 0 0 0 0 0
4 33 2 4 1505 9 161 0 0 143 78 1 6 2 1
2 22 0 1 709 0 79 0 0 35 10 0 6 0 0
2 117 0 1 4458 0 2774 0 0 1346 61 0 28 0 0
9 784 8 28 20203 653 33720 1 265 9608 3221 8 934 37 38
5 156 1 9 7258 20 2781 0 1 1463 390 0 106 3 7
5 185 2 8 8158 99 3411 0 12 1822 417 1 100 4 5
3 115 0 3 4458 0 2661 0 0 1344 176 0 27 0 1
3 115 0 3 4458 0 2661 0 0 1344 176 0 27 0 1
2 99 0 1 3431 0 2514 0 0 1219 81 0 9 0 0
1 14 0 0 531 0 61 0 0 30 0 0 0 0 0
2 28 0 1 1350 0 186 0 0 140 24 0 2 0 0
11 1123 27 28 23661 2524 51404 30 1296 14591 3046 44 1534 65 26
12 908 24 42 25038 2103 36341 9 552 11329 3917 58 1432 97 56
5 543 6 4 11352 670 29270 2 289 8005 482 5 221 2 1
10 1033 8 37 22796 778 48548 0 282 13000 4131 10 1912 44 66
2 40 1 0 2642 36 323 0 2 346 0 0 0 0 0
3 64 1 2 3231 60 811 0 0 965 60 0 4 1 0
2 6 0 1 293 0 4 0 0 6 4 0 1 0 0
7 233 13 8 10954 696 4676 9 17 2972 422 14 123 10 2
6 523 2 13 15013 197 21168 0 55 7776 1280 0 514 8 12
2 65 0 1 3232 0 814 0 0 966 57 0 4 0 0
4 219 1 5 6018 82 7333 0 12 3320 401 0 75 2 2
5 219 3 7 6266 196 7232 0 13 3320 504 1 75 7 2
5 257 2 8 8706 182 7735 0 19 2900 584 1 112 4 5
8 342 11 17 11378 696 10528 5 83 3907 1218 13 157 25 13
5 212 5 5 9904 300 4114 1 48 2257 274 5 89 2 2
4 104 2 4 3600 8 2935 0 2 1363 276 1 12 2 1
8 472 13 15 13699 1154 16829 10 235 5847 1238 12 221 24 10
3 111 2 1 3364 93 3173 0 16 1384 93 1 2 0 0
3 375 1 2 7441 138 22001 0 19 5405 314 0 130 1 0
4 427 5 1 11293 376 17499 2 357 5476 29 2 81 0 0
3 214 2 1 6050 182 7565 0 23 2451 120 1 40 0 0
14 779 35 56 23214 2436 23982 43 308 8794 4579 76 1248 139 106
8 579 6 22 14622 538 21366 0 59 6802 1971 11 713 14 31
4 257 1 5 8114 58 7793 0 62 2295 273 0 158 2 2
3 112 0 3 4232 0 2334 0 0 695 136 0 44 0 1
6 61 9 6 2846 34 510 7 25 195 167 3 27 9 1
1 41 0 0 1117 0 647 0 0 173 0 0 0 0 0
4 257 1 5 8114 58 7793 0 62 2295 273 0 158 2 2
6 358 5 10 10545 366 11801 1 74 3155 692 5 292 7 7
4 257 1 5 8114 58 7793 0 62 2295 273 0 158 2 2
5 260 4 6 8111 267 7766 1 73 2291 303 2 162 5 2
4 257 1 5 8114 58 7793 0 62 2295 273 0 158 2 2
8 359 12 16 10989 725 11502 6 69 3123 1020 21 315 12 17
6 358 1 14 11011 58 11536 0 60 3128 986 0 313 4 16
5 355 1 9 10554 58 11827 0 61 3159 664 0 288 3 7
4 226 3 3 6345 234 7379 1 71 2231 154 0 74 3 0
2 155 0 1 3833 0 5623 0 0 1712 87 0 34 0 0
4 257 1 5 8114 58 7793 0 62 2295 273 0 158 2 2
4 257 1 5 8114 58 7793 0 62 2295 273 0 158 2 2
3 223 1 2 6340 58 7407 0 63 2235 122 0 70 1 0
3 223 1 2 6340 58 7407 0 63 2235 122 0 70 1 0
4 257 1 5 8114 58 7793 0 62 2295 273 0 158 2 2
6 456 1 14 12810 58 15389 0 60 4812 1224 0 439 4 16
5 491 2 8 11200 175 21253 0 77 7209 875 0 380 6 4
3 222 1 2 7148 58 7292 0 63 2312 122 0 69 1 0
8 766 1 27 17455 58 31848 0 58 10055 2768 0 1210 6 50
2 186 1 0 5345 58 6879 0 64 2206 0 0 0 0 0
3 288 1 2 7978 58 11102 0 63 3155 198 0 97 1 0
1 116 0 0 2803 0 5061 0 0 1609 0 0 0 0 0
1 116 0 0 2803 0 5061 0 0 1609 0 0 0 0 0
3 223 1 2 6340 58 7407 0 63 2235 122 0 70 1 0
3 223 1 2 6340 58 7407 0 63 2235 122 0 70 1 0
1 116 0 0 2803 0 5061 0 0 1609 0 0 0 0 0
1 116 0 0 2803 0 5061 0 0 1609 0 0 0 0 0
3 223 1 2 6340 58 7407 0 63 2235 122 0 70 1 0
1 7 0 0 359 0 5 0 0 16 0 0 0 0 0
2 109 0 1 3752 0 2430 0 0 696 37 0 36 0 0
16 1205 56 64 27432 4820 48942 105 1334 14738 5783 112 2402 245 98
12 1088 27 39 25506 2191 47069 35 1266 12681 3989 30 1628 105 50
7 797 7 14 16223 694 42103 4 534 10827 1546 3 737 17 11
1 43 0 0 2272 0 509 0 0 394 0 0 0 0 0
6 182 10 5 8275 405 3403 6 84 2117 289 8 24 6 0
4 173 3 3 7228 192 3482 1 75 2103 173 0 2 3 0
1 5 0 0 182 0 5 0 0 5 0 0 0 0 0
1 28 0 0 1878 0 222 0 0 156 0 0 0 0 0
4 158 4 2 6530 218 3347 1 43 1964 122 2 24 1 0
