6 33 6 9 167 73 163 1 6 54 74 6 3 9 4
4 33 1 5 145 18 165 0 5 57 61 0 5 2 2
4 17 2 4 145 14 22 0 3 9 19 1 6 2 1
23 93 200 53 272 1273 197 930 78 71 461 613 78 184 44
8 44 21 7 317 231 150 22 5 66 43 28 12 4 2
7 35 10 11 199 110 164 3 7 57 84 13 1 15 4
11 61 45 10 375 432 254 87 38 92 66 68 18 8 2
8 66 23 5 364 344 235 30 22 112 60 22 7 4 0
25 83 224 76 151 1121 142 1017 98 34 513 881 81 339 63
16 98 84 36 318 783 381 206 44 86 433 235 83 88 31
15 86 73 32 262 673 383 155 22 95 355 204 66 76 20
18 98 108 45 236 872 313 338 60 75 516 277 79 160 41
25 93 230 70 132 1377 235 1091 73 36 519 865 95 287 57
13 97 52 26 250 553 494 95 40 95 365 115 83 57 19
9 103 21 15 345 374 567 16 20 118 274 44 68 11 13
5 51 3 7 204 40 327 0 1 99 122 2 20 5 3
3 34 0 3 178 0 190 0 0 67 52 0 8 0 1
5 74 1 9 266 23 447 0 5 111 177 0 43 3 7
3 52 1 2 179 18 370 0 6 107 52 0 11 1 0
5 44 8 2 257 121 217 5 4 78 31 4 8 1 0
10 85 27 18 345 365 452 20 30 101 216 67 62 22 11
5 69 2 8 263 27 395 0 5 109 155 1 42 4 5
7 84 14 7 300 252 502 10 30 131 106 16 43 8 1
9 80 18 18 282 193 438 9 31 113 255 34 65 31 10
9 96 14 22 242 214 542 3 30 105 330 24 82 41 16
5 55 6 4 296 97 267 2 21 103 65 4 8 4 0
9 84 17 19 321 198 429 6 42 101 254 35 68 31 12
9 90 15 21 293 206 475 3 42 94 266 29 82 38 14
3 46 2 1 190 51 284 0 1 98 17 1 11 0 0
4 42 4 2 256 76 156 0 4 70 28 4 7 0 0
20 110 139 51 298 1255 256 485 94 83 449 444 99 159 52
11 76 33 22 423 347 209 44 35 102 217 62 63 41 18
5 60 2 8 267 24 337 0 3 108 140 1 35 4 5
9 72 17 19 249 182 332 7 23 116 254 33 47 32 12
5 20 4 6 218 20 12 1 5 20 30 2 10 5 2
10 58 29 16 291 255 223 30 26 96 151 58 32 26 6
5 53 6 4 238 91 278 0 13 99 53 9 21 0 1
7 60 10 11 230 147 271 3 23 122 121 14 23 13 5
7 44 7 14 259 83 190 0 8 74 127 9 19 17 9
8 61 15 13 272 179 254 7 19 99 146 26 32 17 6
18 82 111 42 340 720 212 333 83 80 354 320 77 137 26
8 78 10 18 261 127 416 3 19 107 263 12 59 27 14
6 65 7 8 249 96 319 2 21 118 127 7 30 8 3
5 45 6 4 231 69 200 2 7 89 71 5 13 2 1
5 70 2 8 235 34 416 0 5 119 156 1 40 4 5
6 76 4 11 279 56 399 0 23 110 168 2 55 12 6
4 64 4 2 199 83 469 1 13 138 35 2 24 1 0
18 80 111 42 363 654 164 337 113 76 328 313 76 139 27
4 25 1 5 225 15 60 0 0 40 52 0 4 2 2
8 72 21 7 398 375 289 21 16 142 69 30 14 3 2
3 42 2 1 221 44 199 0 5 78 14 1 8 0 0
6 31 6 9 173 72 87 0 3 41 67 9 5 6 5
5 38 6 4 239 88 112 2 6 55 38 5 7 2 1
5 44 5 5 370 85 112 1 4 91 57 5 13 2 2
6 57 3 12 302 38 265 0 6 88 163 1 36 10 9
4 38 2 4 200 26 212 0 2 78 62 1 11 2 1
4 29 6 0 189 73 100 4 7 54 0 0 0 0 0
5 28 7 3 260 72 59 3 7 41 20 6 3 0 1
13 53 63 15 410 493 122 151 24 78 85 111 5 18 6
5 15 4 6 155 22 13 0 1 20 28 6 4 0 4
6 40 6 9 203 82 169 0 7 89 70 9 17 6 5
4 22 5 1 153 45 39 2 3 39 11 2 2 0 0
6 36 5 10 192 66 143 0 1 79 84 6 14 8 6
4 13 0 6 142 0 11 0 0 19 31 0 4 0 4
9 39 23 13 238 196 128 20 8 60 88 43 6 15 6
7 21 11 10 174 50 26 7 4 8 58 11 5 12 5
21 89 154 56 225 1046 182 579 43 85 496 491 76 207 53
6 48 11 4 190 156 235 6 6 96 44 12 14 2 0
4 34 3 3 162 56 119 0 3 38 22 3 9 0 1
5 21 4 6 99 23 43 0 2 8 41 6 8 0 4
7 83 12 9 291 201 414 6 30 132 127 15 55 12 2
15 83 78 27 419 604 197 218 88 96 238 146 72 68 23
22 80 172 59 277 960 165 700 66 58 414 556 87 228 56
21 90 144 66 138 950 247 460 63 25 522 561 101 234 75
16 88 69 51 192 548 308 118 44 60 498 228 93 156 58
16 70 65 55 256 410 190 110 23 68 482 195 56 190 65
13 102 46 32 337 563 403 64 51 92 357 120 101 74 28
7 68 12 9 354 184 243 7 16 93 114 16 39 7 5
5 59 2 8 272 27 259 0 9 87 95 1 48 4 5
8 90 11 17 284 172 426 4 37 116 220 15 82 24 13
4 68 3 3 257 53 424 0 23 131 49 2 28 2 0
4 48 3 3 239 52 230 0 12 109 40 3 14 0 1
9 92 8 28 253 117 413 1 23 78 379 7 97 39 37
8 87 13 15 317 170 379 7 36 118 211 18 78 21 10
23 73 177 76 172 892 149 647 34 31 484 735 81 306 83
5 60 7 3 243 156 326 2 7 105 36 7 17 1 0
14 92 59 32 249 574 352 121 34 94 384 131 85 83 29
5 59 5 5 255 68 299 1 14 127 74 4 33 4 1
5 65 1 9 242 12 354 0 1 122 152 0 47 3 7
6 74 2 13 252 25 408 0 1 109 219 1 62 6 13
5 55 5 5 278 73 252 1 9 103 83 4 23 4 1
8 63 16 12 346 172 202 10 27 105 123 25 46 16 5
3 50 0 3 186 0 277 0 0 125 54 0 23 0 1
7 70 10 11 295 137 302 2 10 108 173 18 45 8 7
7 47 13 8 222 120 197 7 10 106 94 17 24 10 1
4 28 4 2 136 49 116 1 3 65 21 2 4 1 0
6 62 4 11 233 42 289 1 3 107 176 2 43 9 8
6 61 4 11 265 44 311 0 2 102 161 4 48 8 8
5 47 5 5 274 59 166 1 13 102 59 3 22 6 0
12 82 40 26 269 421 342 42 20 105 295 118 73 38 22
12 81 44 22 331 400 258 75 47 96 245 83 76 49 13
5 45 5 5 215 58 177 1 5 86 72 4 20 4 1
4 14 4 2 186 25 5 1 1 15 11 2 2 1 0
2 5 0 1 51 0 3 0 0 3 5 0 0 0 0
3 8 2 1 62 8 3 0 2 9 4 1 0 0 0
