0 2
1 3
2 1
3 3
4 2
5 3
6 3
7 3
8 3
9 3
10 3
11 2
12 3
13 3
14 3
15 3
16 3
17 2
18 2
19 2
20 0
21 0
22 1
23 0
24 1
25 1
26 0
27 0
28 0
29 0
30 1
31 0
32 2
33 3
34 1
35 0
36 1
37 2
38 1
39 0
40 2
41 1
42 3
43 1
44 2
45 1
46 2
47 0
48 1
49 0
50 3
51 1
52 1
53 0
54 2
55 0
56 1
57 0
58 1
59 2
60 3
61 2
62 2
63 2
64 2
65 2
66 1
67 3
68 3
69 1
70 1
71 0
72 3
73 3
74 1
75 0
76 3
77 1
78 0
79 1
80 1
81 1
82 3
83 0
84 3
85 0
86 0
87 3
88 3
89 0
90 0
91 2
92 2
93 3
94 0
95 2
96 1
97 3
98 0
99 1
100 1
101 1
102 0
103 2
104 2
105 0
106 0
107 1
108 0
109 0
110 1
111 2
112 3
113 0
114 0
115 2
116 1
117 1
118 1
119 1
120 1
121 0
122 0
123 2
124 0
125 1
126 0
127 3
128 0
129 0
130 3
131 0
132 1
133 1
134 0
135 1
136 1
137 0
138 0
139 2
140 1
141 3
142 1
143 0
144 1
145 0
146 0
147 0
148 2
149 3
150 1
151 0
152 3
153 0
154 3
155 0
156 0
157 3
158 2
159 1
160 1
161 2
162 1
163 1
164 3
165 1
166 2
167 2
168 3
169 3
170 1
171 1
172 2
173 1
174 0
175 3
176 0
177 0
178 2
179 3
180 3
181 0
182 2
183 1
184 1
185 2
186 2
187 2
188 0
189 0
190 3
191 2
192 0
193 3
194 0
195 0
196 1
197 1
198 3
199 1
200 0
201 2
202 3
203 0
204 0
205 0
206 1
207 1
208 3
209 0
210 0
211 0
212 3
213 3
214 3
215 3
216 0
217 1
218 3
219 2
220 0
221 1
222 1
223 3
224 1
225 2
226 2
227 0
228 0
229 0
230 0
231 0
232 2
233 3
234 1
235 1
236 0
237 0
238 3
239 0
240 1
241 2
242 3
243 1
244 0
245 3
246 2
247 2
248 2
249 2
250 3
251 2
252 1
253 1
254 1
255 1
256 0
257 3
258 2
259 0
260 3
261 2
262 0
263 1
264 1
265 1
266 3
267 2
268 2
269 2
270 1
271 0
272 1
273 2
274 0
275 2
276 2
277 1
278 2
279 2
280 0
281 3
282 2
283 2
284 2
285 2
286 3
287 1
288 1
289 1
290 0
291 3
292 0
293 2
294 1
295 0
296 2
297 0
298 0
299 1
300 1
301 3
302 0
303 0
304 1
305 0
306 0
307 2
308 0
309 3
310 0
311 3
312 0
313 0
314 0
315 2
316 2
317 0
318 3
319 3
320 3
321 3
322 3
323 2
324 2
325 1
326 0
327 0
328 0
329 3
330 2
331 3
332 1
333 2
334 0
335 1
336 1
337 2
338 3
339 3
340 1
341 1
342 0
343 0
344 2
345 3
346 3
347 0
348 3
349 3
350 2
351 3
352 1
353 2
354 3
355 2
356 1
357 1
358 3
359 2
360 1
361 1
362 0
363 3
364 3
365 1
366 3
367 0
368 3
369 0
370 2
371 1
372 1
373 0
374 2
375 1
376 3
377 1
378 3
379 1
380 0
381 2
382 0
383 3
384 0
385 0
386 0
387 0
388 2
389 3
390 0
391 0
392 1
393 0
394 0
395 1
396 0
397 3
398 3
399 3
400 3
401 2
402 3
403 3
404 3
405 2
406 0
407 3
408 2
409 1
410 1
411 3
412 1
413 2
414 3
415 3
416 2
417 3
418 2
419 3
420 0
421 1
422 0
423 1
424 1
425 1
426 0
427 2
428 2
429 1
430 0
431 1
432 0
433 0
434 1
435 2
436 1
437 0
438 2
439 0
440 2
441 3
442 2
443 1
444 1
445 1
446 2
447 1
448 1
449 3
450 0
451 0
452 0
453 1
454 0
455 0
456 2
457 2
458 2
459 3
460 2
461 2
462 1
463 0
464 3
465 3
466 1
467 0
468 1
469 2
470 1
471 1
472 2
473 1
474 3
475 0
476 2
477 0
478 3
479 3
480 0
481 0
482 1
483 3
484 0
485 0
486 0
487 1
488 0
489 3
490 1
491 1
492 1
493 1
494 0
495 0
496 1
497 0
498 1
499 2
500 2
501 3
502 2
503 3
504 2
505 3
506 2
507 1
508 1
509 2
510 3
511 2
512 2
513 2
514 2
515 1
516 1
517 2
518 2
519 2
520 2
521 1
522 2
523 1
524 1
525 1
526 2
527 1
528 1
529 2
530 2
531 2
532 2
533 2
534 0
535 1
536 2
537 2
538 2
539 3
540 1
541 2
542 2
543 2
544 1
545 1
546 0
547 1
548 1
549 1
550 1
551 1
552 1
553 1
554 2
555 1
556 2
557 2
558 2
559 3
560 3
561 1
562 2
563 2
564 0
565 1
566 0
567 0
568 0
569 0
570 0
571 1
572 1
573 0
574 2
575 0
576 1
577 3
578 2
579 0
580 3
581 0
582 0
583 0
584 3
585 3
586 2
587 0
588 2
589 0
590 1
591 1
592 3
593 2
594 2
595 0
596 1
597 0
598 3
599 3
600 3
601 2
602 0
603 2
604 0
605 2
606 2
607 1
608 1
609 2
610 3
611 3
612 1
613 3
614 0
615 0
616 3
617 0
618 1
619 1
620 0
621 3
622 1
623 3
624 1
625 0
626 1
627 2
628 0
629 1
630 3
631 2
632 3
633 0
634 0
635 1
636 0
637 3
638 2
639 0
640 3
641 0
642 0
643 1
644 0
645 3
646 2
647 0
648 3
649 0
650 2
651 1
652 0
653 1
654 0
655 1
656 0
657 3
658 0
659 1
660 0
661 2
662 1
663 3
664 2
665 1
666 2
667 2
668 0
669 2
670 0
671 1
672 3
673 0
674 1
675 3
676 2
677 1
678 0
679 1
680 0
681 0
682 0
683 1
684 3
685 0
686 2
687 0
688 1
689 3
690 2
691 1
692 3
693 2
694 2
695 3
696 3
697 0
698 1
699 3
700 3
701 2
702 2
703 0
704 1
705 3
706 2
707 3
708 3
709 3
710 2
711 3
712 2
713 2
714 3
715 3
716 2
717 2
718 3
719 2
720 1
721 2
722 2
723 2
724 3
725 2
726 3
727 1
728 1
729 1
730 2
731 3
732 3
733 3
734 3
735 3
736 0
737 0
738 2
739 2
740 2
741 3
742 1
743 0
744 1
745 3
746 0
747 1
748 2
749 3
750 0
751 0
752 3
753 2
754 3
755 0
756 1
757 2
758 3
759 0
760 0
761 0
762 2
763 3
764 1
765 3
766 2
767 2
768 1
769 0
770 1
771 2
772 2
773 2
774 1
775 2
776 3
777 0
778 0
779 2
780 3
781 2
782 2
783 1
784 0
785 2
786 1
787 0
788 1
789 3
790 0
791 0
792 0
793 1
794 0
795 0
796 1
797 0
798 1
799 2
800 1
801 0
802 1
803 1
804 1
805 1
806 2
807 2
808 0
809 2
810 2
811 1
812 2
813 1
814 1
815 2
816 1
817 0
818 0
819 2
820 1
821 1
822 0
823 2
824 3
825 2
826 1
827 2
828 3
829 1
830 2
831 0
832 1
833 0
834 0
835 2
836 0
837 3
838 3
839 2
840 3
841 3
842 3
843 3
844 3
845 3
846 0
847 3
848 1
849 1
850 1
851 2
852 2
853 1
854 0
855 1
856 0
857 0
858 2
859 0
860 1
861 0
862 2
863 2
864 1
865 1
866 2
867 1
868 2
869 2
870 3
871 2
872 2
873 0
874 2
875 0
876 0
877 2
878 1
879 0
880 3
881 3
882 2
883 1
884 2
885 2
886 0
887 0
888 3
889 1
890 2
891 3
892 2
893 0
894 0
895 0
896 0
897 0
898 3
899 3
900 0
901 0
902 0
903 3
904 0
905 0
906 2
907 0
908 1
909 0
910 2
911 1
912 3
913 1
914 0
915 3
916 3
917 0
918 3
919 0
920 3
921 0
922 3
923 3
924 0
925 1
926 1
927 1
928 1
929 3
930 0
931 2
932 1
933 0
934 0
935 0
936 0
937 2
938 2
939 1
940 2
941 0
942 2
943 1
944 1
945 2
946 0
947 1
948 2
949 2
950 0
951 0
952 1
953 3
954 3
955 1
956 1
957 3
958 1
959 0
960 0
961 0
962 3
963 3
964 0
965 2
966 1
967 2
968 2
969 1
970 3
971 2
972 2
973 0
974 3
975 0
976 0
977 0
978 3
979 0
980 2
981 2
982 1
983 1
984 1
985 3
986 2
987 2
988 3
989 3
990 0
991 1
992 1
993 2
994 3
995 2
996 3
997 0
998 3
999 1
1000 1
1001 1
1002 2
1003 2
1004 3
1005 1
1006 3
1007 2
1008 3
1009 0
1010 2
1011 3
1012 3
1013 2
1014 1
1015 2
1016 0
1017 2
1018 1
1019 3
1020 3
1021 2
1022 1
1023 1
1024 0
1025 0
1026 3
1027 0
1028 2
1029 2
1030 3
1031 0
1032 0
1033 1
1034 0
1035 0
1036 1
1037 2
1038 0
1039 1
1040 1
1041 0
1042 0
1043 3
1044 2
1045 3
1046 3
1047 2
1048 2
1049 2
1050 1
1051 3
1052 2
1053 1
1054 2
1055 1
1056 1
1057 2
1058 3
1059 3
1060 2
1061 3
1062 3
1063 3
1064 3
1065 3
1066 1
1067 1
1068 1
1069 1
1070 1
1071 1
1072 2
1073 2
1074 0
1075 2
1076 0
1077 0
1078 1
1079 3
1080 3
1081 2
1082 2
1083 3
1084 2
1085 2
1086 1
1087 3
1088 1
1089 2
1090 2
1091 0
1092 2
1093 3
1094 1
1095 2
1096 1
1097 1
1098 2
1099 3
1100 1
1101 3
1102 2
1103 3
1104 2
1105 1
1106 2
1107 1
1108 1
1109 3
1110 3
1111 3
1112 2
1113 1
1114 1
1115 0
1116 3
1117 2
1118 3
1119 3
1120 3
1121 3
1122 1
1123 1
1124 0
1125 0
1126 0
1127 2
1128 3
1129 2
1130 2
1131 2
1132 2
1133 2
1134 3
1135 1
1136 1
1137 2
1138 3
1139 3
1140 3
1141 2
1142 2
1143 3
1144 3
1145 3
1146 2
1147 3
1148 3
1149 1
1150 2
1151 2
1152 2
1153 2
1154 3
1155 3
1156 1
1157 3
1158 3
1159 3
1160 3
1161 3
1162 3
1163 3
1164 3
1165 3
1166 3
1167 3
1168 3
1169 3
1170 3
1171 3
1172 3
1173 3
1174 3
1175 2
1176 3
1177 3
1178 3
1179 3
1180 3
1181 3
1182 3
1183 3
1184 3
1185 3
1186 3
1187 3
1188 3
1189 3
